(2, 4), 16
(2, 6), 64
(2, 6), 64
(2, 8), 256
(2, 8), 256
(2, 9), 512
(2, 10), 1024
(2, 10), 1024
(2, 12), 4096
(2, 12), 4096
(2, 12), 4096
(2, 12), 4096
(2, 14), 16384
(2, 15), 32768
(2, 15), 32768
(2, 16), 65536
(2, 16), 65536
(2, 18), 262144
(2, 18), 262144
(2, 18), 262144
(2, 20), 1048576
(2, 20), 1048576
(2, 20), 1048576
(2, 21), 2097152
(2, 22), 4194304
(2, 24), 16777216
(2, 24), 16777216
(2, 24), 16777216
(2, 24), 16777216
(2, 25), 33554432
(2, 26), 67108864
(2, 27), 134217728
(2, 28), 268435456
(2, 28), 268435456
(2, 30), 1073741824
(2, 30), 1073741824
(2, 30), 1073741824
(2, 30), 1073741824
(2, 32), -2147483648
(2, 32), -2147483648
(2, 33), -2147483648
(2, 34), -2147483648
(2, 35), -2147483648
(2, 36), -2147483648
(2, 36), -2147483648
(2, 36), -2147483648
(2, 36), -2147483648
(2, 38), -2147483648
(2, 39), -2147483648
(2, 40), -2147483648
(2, 40), -2147483648
(2, 40), -2147483648
(2, 42), -2147483648
(2, 42), -2147483648
(2, 42), -2147483648
(2, 44), -2147483648
(2, 44), -2147483648
(2, 45), -2147483648
(2, 45), -2147483648
(2, 46), -2147483648
(2, 48), -2147483648
(2, 48), -2147483648
(2, 48), -2147483648
(2, 48), -2147483648
(2, 50), -2147483648
(2, 50), -2147483648
(2, 51), -2147483648
(2, 52), -2147483648
(2, 52), -2147483648
(2, 54), -2147483648
(2, 54), -2147483648
(2, 54), -2147483648
(2, 55), -2147483648
(2, 56), -2147483648
(2, 56), -2147483648
(2, 57), -2147483648
(2, 58), -2147483648
(2, 60), -2147483648
(2, 60), -2147483648
(2, 60), -2147483648
(2, 60), -2147483648
(2, 60), -2147483648
(2, 62), -2147483648
(2, 63), -2147483648
(2, 64), -2147483648
(2, 64), -2147483648
(2, 65), -2147483648
(2, 66), -2147483648
(2, 66), -2147483648
(2, 66), -2147483648
(2, 68), -2147483648
(2, 68), -2147483648
(2, 69), -2147483648
(2, 70), -2147483648
(2, 70), -2147483648
(2, 72), -2147483648
(2, 72), -2147483648
(2, 72), -2147483648
(2, 72), -2147483648
(2, 74), -2147483648
(2, 75), -2147483648
(2, 75), -2147483648
(2, 76), -2147483648
(2, 76), -2147483648
(2, 78), -2147483648
(2, 78), -2147483648
(2, 78), -2147483648
(2, 80), -2147483648
(2, 80), -2147483648
(2, 80), -2147483648
(2, 81), -2147483648
(2, 82), -2147483648
(2, 84), -2147483648
(2, 84), -2147483648
(2, 84), -2147483648
(2, 84), -2147483648
(2, 85), -2147483648
(2, 86), -2147483648
(2, 87), -2147483648
(2, 88), -2147483648
(2, 88), -2147483648
(2, 90), -2147483648
(2, 90), -2147483648
(2, 90), -2147483648
(2, 90), -2147483648
(2, 92), -2147483648
(2, 92), -2147483648
(2, 93), -2147483648
(2, 94), -2147483648
(2, 95), -2147483648
(2, 96), -2147483648
(2, 96), -2147483648
(2, 96), -2147483648
(2, 96), -2147483648
(2, 98), -2147483648
(2, 99), -2147483648
(2, 100), -2147483648
(2, 100), -2147483648
(2, 100), -2147483648
(3, 4), 81
(3, 6), 729
(3, 6), 729
(3, 8), 6561
(3, 8), 6561
(3, 9), 19683
(3, 10), 59049
(3, 12), 531441
(3, 12), 531441
(3, 12), 531441
(3, 14), 4782969
(3, 15), 14348907
(3, 16), 43046721
(3, 16), 43046721
(3, 18), 387420489
(3, 18), 387420489
(3, 20), -2147483648
(3, 20), -2147483648
(3, 21), -2147483648
(3, 22), -2147483648
(3, 24), -2147483648
(3, 24), -2147483648
(3, 24), -2147483648
(3, 26), -2147483648
(3, 27), -2147483648
(3, 28), -2147483648
(3, 28), -2147483648
(3, 30), -2147483648
(3, 30), -2147483648
(3, 32), -2147483648
(3, 32), -2147483648
(3, 33), -2147483648
(3, 34), -2147483648
(3, 36), -2147483648
(3, 36), -2147483648
(3, 36), -2147483648
(3, 38), -2147483648
(3, 39), -2147483648
(3, 40), -2147483648
(3, 40), -2147483648
(3, 42), -2147483648
(3, 42), -2147483648
(3, 44), -2147483648
(3, 44), -2147483648
(3, 45), -2147483648
(3, 46), -2147483648
(3, 48), -2147483648
(3, 48), -2147483648
(3, 48), -2147483648
(3, 50), -2147483648
(3, 51), -2147483648
(3, 52), -2147483648
(3, 52), -2147483648
(3, 54), -2147483648
(3, 54), -2147483648
(3, 56), -2147483648
(3, 56), -2147483648
(3, 57), -2147483648
(3, 58), -2147483648
(3, 60), -2147483648
(3, 60), -2147483648
(3, 60), -2147483648
(3, 62), -2147483648
(3, 63), -2147483648
(3, 64), -2147483648
(3, 64), -2147483648
(3, 66), -2147483648
(3, 66), -2147483648
(3, 68), -2147483648
(3, 68), -2147483648
(3, 69), -2147483648
(3, 70), -2147483648
(3, 72), -2147483648
(3, 72), -2147483648
(3, 72), -2147483648
(3, 74), -2147483648
(3, 75), -2147483648
(3, 76), -2147483648
(3, 76), -2147483648
(3, 78), -2147483648
(3, 78), -2147483648
(3, 80), -2147483648
(3, 80), -2147483648
(3, 81), -2147483648
(3, 82), -2147483648
(3, 84), -2147483648
(3, 84), -2147483648
(3, 84), -2147483648
(3, 86), -2147483648
(3, 87), -2147483648
(3, 88), -2147483648
(3, 88), -2147483648
(3, 90), -2147483648
(3, 90), -2147483648
(3, 92), -2147483648
(3, 92), -2147483648
(3, 93), -2147483648
(3, 94), -2147483648
(3, 96), -2147483648
(3, 96), -2147483648
(3, 96), -2147483648
(3, 98), -2147483648
(3, 99), -2147483648
(3, 100), -2147483648
(3, 100), -2147483648
(4, 2), 16
(4, 3), 64
(4, 3), 64
(4, 4), 256
(4, 4), 256
(4, 5), 1024
(4, 5), 1024
(4, 6), 4096
(4, 6), 4096
(4, 6), 4096
(4, 6), 4096
(4, 7), 16384
(4, 8), 65536
(4, 8), 65536
(4, 9), 262144
(4, 9), 262144
(4, 9), 262144
(4, 10), 1048576
(4, 10), 1048576
(4, 10), 1048576
(4, 11), 4194304
(4, 12), 16777216
(4, 12), 16777216
(4, 12), 16777216
(4, 12), 16777216
(4, 13), 67108864
(4, 14), 268435456
(4, 14), 268435456
(4, 15), 1073741824
(4, 15), 1073741824
(4, 15), 1073741824
(4, 15), 1073741824
(4, 16), -2147483648
(4, 16), -2147483648
(4, 17), -2147483648
(4, 18), -2147483648
(4, 18), -2147483648
(4, 18), -2147483648
(4, 18), -2147483648
(4, 19), -2147483648
(4, 20), -2147483648
(4, 20), -2147483648
(4, 20), -2147483648
(4, 21), -2147483648
(4, 21), -2147483648
(4, 21), -2147483648
(4, 22), -2147483648
(4, 22), -2147483648
(4, 23), -2147483648
(4, 24), -2147483648
(4, 24), -2147483648
(4, 24), -2147483648
(4, 24), -2147483648
(4, 25), -2147483648
(4, 25), -2147483648
(4, 26), -2147483648
(4, 26), -2147483648
(4, 27), -2147483648
(4, 27), -2147483648
(4, 27), -2147483648
(4, 28), -2147483648
(4, 28), -2147483648
(4, 29), -2147483648
(4, 30), -2147483648
(4, 30), -2147483648
(4, 30), -2147483648
(4, 30), -2147483648
(4, 30), -2147483648
(4, 31), -2147483648
(4, 32), -2147483648
(4, 32), -2147483648
(4, 33), -2147483648
(4, 33), -2147483648
(4, 33), -2147483648
(4, 34), -2147483648
(4, 34), -2147483648
(4, 35), -2147483648
(4, 35), -2147483648
(4, 36), -2147483648
(4, 36), -2147483648
(4, 36), -2147483648
(4, 36), -2147483648
(4, 37), -2147483648
(4, 38), -2147483648
(4, 38), -2147483648
(4, 39), -2147483648
(4, 39), -2147483648
(4, 39), -2147483648
(4, 40), -2147483648
(4, 40), -2147483648
(4, 40), -2147483648
(4, 41), -2147483648
(4, 42), -2147483648
(4, 42), -2147483648
(4, 42), -2147483648
(4, 42), -2147483648
(4, 43), -2147483648
(4, 44), -2147483648
(4, 44), -2147483648
(4, 45), -2147483648
(4, 45), -2147483648
(4, 45), -2147483648
(4, 45), -2147483648
(4, 46), -2147483648
(4, 46), -2147483648
(4, 47), -2147483648
(4, 48), -2147483648
(4, 48), -2147483648
(4, 48), -2147483648
(4, 48), -2147483648
(4, 49), -2147483648
(4, 50), -2147483648
(4, 50), -2147483648
(4, 50), -2147483648
(4, 51), -2147483648
(4, 51), -2147483648
(4, 52), -2147483648
(4, 54), -2147483648
(4, 54), -2147483648
(4, 54), -2147483648
(4, 55), -2147483648
(4, 56), -2147483648
(4, 57), -2147483648
(4, 57), -2147483648
(4, 58), -2147483648
(4, 60), -2147483648
(4, 60), -2147483648
(4, 60), -2147483648
(4, 60), -2147483648
(4, 62), -2147483648
(4, 63), -2147483648
(4, 63), -2147483648
(4, 64), -2147483648
(4, 65), -2147483648
(4, 66), -2147483648
(4, 66), -2147483648
(4, 66), -2147483648
(4, 68), -2147483648
(4, 69), -2147483648
(4, 69), -2147483648
(4, 70), -2147483648
(4, 70), -2147483648
(4, 72), -2147483648
(4, 72), -2147483648
(4, 72), -2147483648
(4, 74), -2147483648
(4, 75), -2147483648
(4, 75), -2147483648
(4, 75), -2147483648
(4, 76), -2147483648
(4, 78), -2147483648
(4, 78), -2147483648
(4, 78), -2147483648
(4, 80), -2147483648
(4, 80), -2147483648
(4, 81), -2147483648
(4, 81), -2147483648
(4, 82), -2147483648
(4, 84), -2147483648
(4, 84), -2147483648
(4, 84), -2147483648
(4, 85), -2147483648
(4, 86), -2147483648
(4, 87), -2147483648
(4, 87), -2147483648
(4, 88), -2147483648
(4, 90), -2147483648
(4, 90), -2147483648
(4, 90), -2147483648
(4, 90), -2147483648
(4, 92), -2147483648
(4, 93), -2147483648
(4, 93), -2147483648
(4, 94), -2147483648
(4, 95), -2147483648
(4, 96), -2147483648
(4, 96), -2147483648
(4, 96), -2147483648
(4, 98), -2147483648
(4, 99), -2147483648
(4, 99), -2147483648
(4, 100), -2147483648
(4, 100), -2147483648
(5, 4), 625
(5, 6), 15625
(5, 8), 390625
(5, 10), 9765625
(5, 12), 244140625
(5, 14), -2147483648
(5, 16), -2147483648
(5, 18), -2147483648
(5, 20), -2147483648
(5, 22), -2147483648
(5, 24), -2147483648
(5, 26), -2147483648
(5, 28), -2147483648
(5, 30), -2147483648
(5, 32), -2147483648
(5, 34), -2147483648
(5, 36), -2147483648
(5, 38), -2147483648
(5, 40), -2147483648
(5, 42), -2147483648
(5, 44), -2147483648
(5, 46), -2147483648
(5, 48), -2147483648
(5, 50), -2147483648
(5, 52), -2147483648
(5, 54), -2147483648
(5, 56), -2147483648
(5, 58), -2147483648
(5, 60), -2147483648
(5, 62), -2147483648
(5, 64), -2147483648
(5, 66), -2147483648
(5, 68), -2147483648
(5, 70), -2147483648
(5, 72), -2147483648
(5, 74), -2147483648
(5, 76), -2147483648
(5, 78), -2147483648
(5, 80), -2147483648
(5, 82), -2147483648
(5, 84), -2147483648
(5, 86), -2147483648
(5, 88), -2147483648
(5, 90), -2147483648
(5, 92), -2147483648
(5, 94), -2147483648
(5, 96), -2147483648
(5, 98), -2147483648
(5, 100), -2147483648
(6, 4), 1296
(6, 6), 46656
(6, 8), 1679616
(6, 10), 60466176
(6, 12), -2147483648
(6, 14), -2147483648
(6, 16), -2147483648
(6, 18), -2147483648
(6, 20), -2147483648
(6, 22), -2147483648
(6, 24), -2147483648
(6, 26), -2147483648
(6, 28), -2147483648
(6, 30), -2147483648
(6, 32), -2147483648
(6, 34), -2147483648
(6, 36), -2147483648
(6, 38), -2147483648
(6, 40), -2147483648
(6, 42), -2147483648
(6, 44), -2147483648
(6, 46), -2147483648
(6, 48), -2147483648
(6, 50), -2147483648
(6, 52), -2147483648
(6, 54), -2147483648
(6, 56), -2147483648
(6, 58), -2147483648
(6, 60), -2147483648
(6, 62), -2147483648
(6, 64), -2147483648
(6, 66), -2147483648
(6, 68), -2147483648
(6, 70), -2147483648
(6, 72), -2147483648
(6, 74), -2147483648
(6, 76), -2147483648
(6, 78), -2147483648
(6, 80), -2147483648
(6, 82), -2147483648
(6, 84), -2147483648
(6, 86), -2147483648
(6, 88), -2147483648
(6, 90), -2147483648
(6, 92), -2147483648
(6, 94), -2147483648
(6, 96), -2147483648
(6, 98), -2147483648
(6, 100), -2147483648
(7, 4), 2401
(7, 6), 117649
(7, 8), 5764801
(7, 10), 282475249
(7, 12), -2147483648
(7, 14), -2147483648
(7, 16), -2147483648
(7, 18), -2147483648
(7, 20), -2147483648
(7, 22), -2147483648
(7, 24), -2147483648
(7, 26), -2147483648
(7, 28), -2147483648
(7, 30), -2147483648
(7, 32), -2147483648
(7, 34), -2147483648
(7, 36), -2147483648
(7, 38), -2147483648
(7, 40), -2147483648
(7, 42), -2147483648
(7, 44), -2147483648
(7, 46), -2147483648
(7, 48), -2147483648
(7, 50), -2147483648
(7, 52), -2147483648
(7, 54), -2147483648
(7, 56), -2147483648
(7, 58), -2147483648
(7, 60), -2147483648
(7, 62), -2147483648
(7, 64), -2147483648
(7, 66), -2147483648
(7, 68), -2147483648
(7, 70), -2147483648
(7, 72), -2147483648
(7, 74), -2147483648
(7, 76), -2147483648
(7, 78), -2147483648
(7, 80), -2147483648
(7, 82), -2147483648
(7, 84), -2147483648
(7, 86), -2147483648
(7, 88), -2147483648
(7, 90), -2147483648
(7, 92), -2147483648
(7, 94), -2147483648
(7, 96), -2147483648
(7, 98), -2147483648
(7, 100), -2147483648
(8, 2), 64
(8, 2), 64
(8, 3), 512
(8, 4), 4096
(8, 4), 4096
(8, 4), 4096
(8, 4), 4096
(8, 5), 32768
(8, 5), 32768
(8, 6), 262144
(8, 6), 262144
(8, 6), 262144
(8, 7), 2097152
(8, 8), 16777216
(8, 8), 16777216
(8, 8), 16777216
(8, 8), 16777216
(8, 9), 134217728
(8, 10), 1073741824
(8, 10), 1073741824
(8, 10), 1073741824
(8, 10), 1073741824
(8, 11), -2147483648
(8, 12), -2147483648
(8, 12), -2147483648
(8, 12), -2147483648
(8, 12), -2147483648
(8, 13), -2147483648
(8, 14), -2147483648
(8, 14), -2147483648
(8, 14), -2147483648
(8, 15), -2147483648
(8, 15), -2147483648
(8, 16), -2147483648
(8, 16), -2147483648
(8, 16), -2147483648
(8, 16), -2147483648
(8, 17), -2147483648
(8, 18), -2147483648
(8, 18), -2147483648
(8, 18), -2147483648
(8, 19), -2147483648
(8, 20), -2147483648
(8, 20), -2147483648
(8, 20), -2147483648
(8, 20), -2147483648
(8, 20), -2147483648
(8, 21), -2147483648
(8, 22), -2147483648
(8, 22), -2147483648
(8, 22), -2147483648
(8, 23), -2147483648
(8, 24), -2147483648
(8, 24), -2147483648
(8, 24), -2147483648
(8, 24), -2147483648
(8, 25), -2147483648
(8, 25), -2147483648
(8, 26), -2147483648
(8, 26), -2147483648
(8, 26), -2147483648
(8, 27), -2147483648
(8, 28), -2147483648
(8, 28), -2147483648
(8, 28), -2147483648
(8, 28), -2147483648
(8, 29), -2147483648
(8, 30), -2147483648
(8, 30), -2147483648
(8, 30), -2147483648
(8, 30), -2147483648
(8, 31), -2147483648
(8, 32), -2147483648
(8, 32), -2147483648
(8, 32), -2147483648
(8, 32), -2147483648
(8, 33), -2147483648
(8, 34), -2147483648
(8, 34), -2147483648
(8, 35), -2147483648
(8, 36), -2147483648
(8, 36), -2147483648
(8, 36), -2147483648
(8, 38), -2147483648
(8, 38), -2147483648
(8, 40), -2147483648
(8, 40), -2147483648
(8, 40), -2147483648
(8, 40), -2147483648
(8, 42), -2147483648
(8, 42), -2147483648
(8, 44), -2147483648
(8, 44), -2147483648
(8, 44), -2147483648
(8, 45), -2147483648
(8, 46), -2147483648
(8, 46), -2147483648
(8, 48), -2147483648
(8, 48), -2147483648
(8, 48), -2147483648
(8, 50), -2147483648
(8, 50), -2147483648
(8, 50), -2147483648
(8, 52), -2147483648
(8, 52), -2147483648
(8, 52), -2147483648
(8, 54), -2147483648
(8, 54), -2147483648
(8, 55), -2147483648
(8, 56), -2147483648
(8, 56), -2147483648
(8, 56), -2147483648
(8, 58), -2147483648
(8, 58), -2147483648
(8, 60), -2147483648
(8, 60), -2147483648
(8, 60), -2147483648
(8, 60), -2147483648
(8, 62), -2147483648
(8, 62), -2147483648
(8, 64), -2147483648
(8, 64), -2147483648
(8, 64), -2147483648
(8, 65), -2147483648
(8, 66), -2147483648
(8, 66), -2147483648
(8, 68), -2147483648
(8, 68), -2147483648
(8, 70), -2147483648
(8, 70), -2147483648
(8, 72), -2147483648
(8, 72), -2147483648
(8, 74), -2147483648
(8, 75), -2147483648
(8, 76), -2147483648
(8, 76), -2147483648
(8, 78), -2147483648
(8, 80), -2147483648
(8, 80), -2147483648
(8, 80), -2147483648
(8, 82), -2147483648
(8, 84), -2147483648
(8, 84), -2147483648
(8, 85), -2147483648
(8, 86), -2147483648
(8, 88), -2147483648
(8, 88), -2147483648
(8, 90), -2147483648
(8, 90), -2147483648
(8, 92), -2147483648
(8, 92), -2147483648
(8, 94), -2147483648
(8, 95), -2147483648
(8, 96), -2147483648
(8, 96), -2147483648
(8, 98), -2147483648
(8, 100), -2147483648
(8, 100), -2147483648
(8, 100), -2147483648
(9, 2), 81
(9, 3), 729
(9, 3), 729
(9, 4), 6561
(9, 4), 6561
(9, 5), 59049
(9, 6), 531441
(9, 6), 531441
(9, 6), 531441
(9, 7), 4782969
(9, 8), 43046721
(9, 8), 43046721
(9, 9), 387420489
(9, 9), 387420489
(9, 10), -2147483648
(9, 10), -2147483648
(9, 11), -2147483648
(9, 12), -2147483648
(9, 12), -2147483648
(9, 12), -2147483648
(9, 13), -2147483648
(9, 14), -2147483648
(9, 14), -2147483648
(9, 15), -2147483648
(9, 15), -2147483648
(9, 16), -2147483648
(9, 16), -2147483648
(9, 17), -2147483648
(9, 18), -2147483648
(9, 18), -2147483648
(9, 18), -2147483648
(9, 19), -2147483648
(9, 20), -2147483648
(9, 20), -2147483648
(9, 21), -2147483648
(9, 21), -2147483648
(9, 22), -2147483648
(9, 22), -2147483648
(9, 23), -2147483648
(9, 24), -2147483648
(9, 24), -2147483648
(9, 24), -2147483648
(9, 25), -2147483648
(9, 26), -2147483648
(9, 26), -2147483648
(9, 27), -2147483648
(9, 27), -2147483648
(9, 28), -2147483648
(9, 28), -2147483648
(9, 29), -2147483648
(9, 30), -2147483648
(9, 30), -2147483648
(9, 30), -2147483648
(9, 31), -2147483648
(9, 32), -2147483648
(9, 32), -2147483648
(9, 33), -2147483648
(9, 33), -2147483648
(9, 34), -2147483648
(9, 34), -2147483648
(9, 35), -2147483648
(9, 36), -2147483648
(9, 36), -2147483648
(9, 36), -2147483648
(9, 37), -2147483648
(9, 38), -2147483648
(9, 38), -2147483648
(9, 39), -2147483648
(9, 39), -2147483648
(9, 40), -2147483648
(9, 40), -2147483648
(9, 41), -2147483648
(9, 42), -2147483648
(9, 42), -2147483648
(9, 42), -2147483648
(9, 43), -2147483648
(9, 44), -2147483648
(9, 44), -2147483648
(9, 45), -2147483648
(9, 45), -2147483648
(9, 46), -2147483648
(9, 46), -2147483648
(9, 47), -2147483648
(9, 48), -2147483648
(9, 48), -2147483648
(9, 48), -2147483648
(9, 49), -2147483648
(9, 50), -2147483648
(9, 50), -2147483648
(9, 51), -2147483648
(9, 52), -2147483648
(9, 54), -2147483648
(9, 54), -2147483648
(9, 56), -2147483648
(9, 57), -2147483648
(9, 58), -2147483648
(9, 60), -2147483648
(9, 60), -2147483648
(9, 62), -2147483648
(9, 63), -2147483648
(9, 64), -2147483648
(9, 66), -2147483648
(9, 66), -2147483648
(9, 68), -2147483648
(9, 69), -2147483648
(9, 70), -2147483648
(9, 72), -2147483648
(9, 72), -2147483648
(9, 74), -2147483648
(9, 75), -2147483648
(9, 76), -2147483648
(9, 78), -2147483648
(9, 78), -2147483648
(9, 80), -2147483648
(9, 81), -2147483648
(9, 82), -2147483648
(9, 84), -2147483648
(9, 84), -2147483648
(9, 86), -2147483648
(9, 87), -2147483648
(9, 88), -2147483648
(9, 90), -2147483648
(9, 90), -2147483648
(9, 92), -2147483648
(9, 93), -2147483648
(9, 94), -2147483648
(9, 96), -2147483648
(9, 96), -2147483648
(9, 98), -2147483648
(9, 99), -2147483648
(9, 100), -2147483648
(10, 4), 10000
(10, 6), 1000000
(10, 8), 100000000
(10, 10), -2147483648
(10, 12), -2147483648
(10, 14), -2147483648
(10, 16), -2147483648
(10, 18), -2147483648
(10, 20), -2147483648
(10, 22), -2147483648
(10, 24), -2147483648
(10, 26), -2147483648
(10, 28), -2147483648
(10, 30), -2147483648
(10, 32), -2147483648
(10, 34), -2147483648
(10, 36), -2147483648
(10, 38), -2147483648
(10, 40), -2147483648
(10, 42), -2147483648
(10, 44), -2147483648
(10, 46), -2147483648
(10, 48), -2147483648
(10, 50), -2147483648
(10, 52), -2147483648
(10, 54), -2147483648
(10, 56), -2147483648
(10, 58), -2147483648
(10, 60), -2147483648
(10, 62), -2147483648
(10, 64), -2147483648
(10, 66), -2147483648
(10, 68), -2147483648
(10, 70), -2147483648
(10, 72), -2147483648
(10, 74), -2147483648
(10, 76), -2147483648
(10, 78), -2147483648
(10, 80), -2147483648
(10, 82), -2147483648
(10, 84), -2147483648
(10, 86), -2147483648
(10, 88), -2147483648
(10, 90), -2147483648
(10, 92), -2147483648
(10, 94), -2147483648
(10, 96), -2147483648
(10, 98), -2147483648
(10, 100), -2147483648
(16, 2), 256
(16, 2), 256
(16, 3), 4096
(16, 3), 4096
(16, 3), 4096
(16, 3), 4096
(16, 4), 65536
(16, 4), 65536
(16, 5), 1048576
(16, 5), 1048576
(16, 5), 1048576
(16, 6), 16777216
(16, 6), 16777216
(16, 6), 16777216
(16, 6), 16777216
(16, 7), 268435456
(16, 7), 268435456
(16, 8), -2147483648
(16, 8), -2147483648
(16, 9), -2147483648
(16, 9), -2147483648
(16, 9), -2147483648
(16, 9), -2147483648
(16, 10), -2147483648
(16, 10), -2147483648
(16, 10), -2147483648
(16, 11), -2147483648
(16, 11), -2147483648
(16, 12), -2147483648
(16, 12), -2147483648
(16, 12), -2147483648
(16, 12), -2147483648
(16, 13), -2147483648
(16, 13), -2147483648
(16, 14), -2147483648
(16, 14), -2147483648
(16, 15), -2147483648
(16, 15), -2147483648
(16, 15), -2147483648
(16, 15), -2147483648
(16, 15), -2147483648
(16, 16), -2147483648
(16, 16), -2147483648
(16, 17), -2147483648
(16, 17), -2147483648
(16, 18), -2147483648
(16, 18), -2147483648
(16, 18), -2147483648
(16, 18), -2147483648
(16, 19), -2147483648
(16, 19), -2147483648
(16, 20), -2147483648
(16, 20), -2147483648
(16, 20), -2147483648
(16, 21), -2147483648
(16, 21), -2147483648
(16, 21), -2147483648
(16, 21), -2147483648
(16, 22), -2147483648
(16, 22), -2147483648
(16, 23), -2147483648
(16, 23), -2147483648
(16, 24), -2147483648
(16, 24), -2147483648
(16, 24), -2147483648
(16, 24), -2147483648
(16, 25), -2147483648
(16, 25), -2147483648
(16, 25), -2147483648
(16, 26), -2147483648
(16, 27), -2147483648
(16, 27), -2147483648
(16, 27), -2147483648
(16, 28), -2147483648
(16, 29), -2147483648
(16, 30), -2147483648
(16, 30), -2147483648
(16, 30), -2147483648
(16, 30), -2147483648
(16, 31), -2147483648
(16, 32), -2147483648
(16, 33), -2147483648
(16, 33), -2147483648
(16, 33), -2147483648
(16, 34), -2147483648
(16, 35), -2147483648
(16, 35), -2147483648
(16, 36), -2147483648
(16, 36), -2147483648
(16, 36), -2147483648
(16, 37), -2147483648
(16, 38), -2147483648
(16, 39), -2147483648
(16, 39), -2147483648
(16, 39), -2147483648
(16, 40), -2147483648
(16, 40), -2147483648
(16, 41), -2147483648
(16, 42), -2147483648
(16, 42), -2147483648
(16, 42), -2147483648
(16, 43), -2147483648
(16, 44), -2147483648
(16, 45), -2147483648
(16, 45), -2147483648
(16, 45), -2147483648
(16, 45), -2147483648
(16, 46), -2147483648
(16, 47), -2147483648
(16, 48), -2147483648
(16, 48), -2147483648
(16, 48), -2147483648
(16, 49), -2147483648
(16, 50), -2147483648
(16, 50), -2147483648
(16, 51), -2147483648
(16, 51), -2147483648
(16, 54), -2147483648
(16, 54), -2147483648
(16, 55), -2147483648
(16, 57), -2147483648
(16, 57), -2147483648
(16, 60), -2147483648
(16, 60), -2147483648
(16, 60), -2147483648
(16, 63), -2147483648
(16, 63), -2147483648
(16, 65), -2147483648
(16, 66), -2147483648
(16, 66), -2147483648
(16, 69), -2147483648
(16, 69), -2147483648
(16, 70), -2147483648
(16, 72), -2147483648
(16, 72), -2147483648
(16, 75), -2147483648
(16, 75), -2147483648
(16, 75), -2147483648
(16, 78), -2147483648
(16, 80), -2147483648
(16, 81), -2147483648
(16, 84), -2147483648
(16, 85), -2147483648
(16, 87), -2147483648
(16, 90), -2147483648
(16, 90), -2147483648
(16, 93), -2147483648
(16, 95), -2147483648
(16, 96), -2147483648
(16, 99), -2147483648
(16, 100), -2147483648
(25, 2), 625
(25, 3), 15625
(25, 4), 390625
(25, 5), 9765625
(25, 6), 244140625
(25, 7), -2147483648
(25, 8), -2147483648
(25, 9), -2147483648
(25, 10), -2147483648
(25, 11), -2147483648
(25, 12), -2147483648
(25, 13), -2147483648
(25, 14), -2147483648
(25, 15), -2147483648
(25, 16), -2147483648
(25, 17), -2147483648
(25, 18), -2147483648
(25, 19), -2147483648
(25, 20), -2147483648
(25, 21), -2147483648
(25, 22), -2147483648
(25, 23), -2147483648
(25, 24), -2147483648
(25, 25), -2147483648
(25, 26), -2147483648
(25, 27), -2147483648
(25, 28), -2147483648
(25, 29), -2147483648
(25, 30), -2147483648
(25, 31), -2147483648
(25, 32), -2147483648
(25, 33), -2147483648
(25, 34), -2147483648
(25, 35), -2147483648
(25, 36), -2147483648
(25, 37), -2147483648
(25, 38), -2147483648
(25, 39), -2147483648
(25, 40), -2147483648
(25, 41), -2147483648
(25, 42), -2147483648
(25, 43), -2147483648
(25, 44), -2147483648
(25, 45), -2147483648
(25, 46), -2147483648
(25, 47), -2147483648
(25, 48), -2147483648
(25, 49), -2147483648
(25, 50), -2147483648
(27, 2), 729
(27, 2), 729
(27, 3), 19683
(27, 4), 531441
(27, 4), 531441
(27, 4), 531441
(27, 5), 14348907
(27, 6), 387420489
(27, 6), 387420489
(27, 7), -2147483648
(27, 8), -2147483648
(27, 8), -2147483648
(27, 8), -2147483648
(27, 9), -2147483648
(27, 10), -2147483648
(27, 10), -2147483648
(27, 11), -2147483648
(27, 12), -2147483648
(27, 12), -2147483648
(27, 12), -2147483648
(27, 13), -2147483648
(27, 14), -2147483648
(27, 14), -2147483648
(27, 15), -2147483648
(27, 16), -2147483648
(27, 16), -2147483648
(27, 16), -2147483648
(27, 17), -2147483648
(27, 18), -2147483648
(27, 18), -2147483648
(27, 19), -2147483648
(27, 20), -2147483648
(27, 20), -2147483648
(27, 20), -2147483648
(27, 21), -2147483648
(27, 22), -2147483648
(27, 22), -2147483648
(27, 23), -2147483648
(27, 24), -2147483648
(27, 24), -2147483648
(27, 24), -2147483648
(27, 25), -2147483648
(27, 26), -2147483648
(27, 26), -2147483648
(27, 27), -2147483648
(27, 28), -2147483648
(27, 28), -2147483648
(27, 28), -2147483648
(27, 29), -2147483648
(27, 30), -2147483648
(27, 30), -2147483648
(27, 31), -2147483648
(27, 32), -2147483648
(27, 32), -2147483648
(27, 32), -2147483648
(27, 33), -2147483648
(27, 34), -2147483648
(27, 36), -2147483648
(27, 36), -2147483648
(27, 38), -2147483648
(27, 40), -2147483648
(27, 40), -2147483648
(27, 42), -2147483648
(27, 44), -2147483648
(27, 44), -2147483648
(27, 46), -2147483648
(27, 48), -2147483648
(27, 48), -2147483648
(27, 50), -2147483648
(27, 52), -2147483648
(27, 52), -2147483648
(27, 54), -2147483648
(27, 56), -2147483648
(27, 56), -2147483648
(27, 58), -2147483648
(27, 60), -2147483648
(27, 60), -2147483648
(27, 62), -2147483648
(27, 64), -2147483648
(27, 64), -2147483648
(27, 66), -2147483648
(27, 68), -2147483648
(27, 72), -2147483648
(27, 76), -2147483648
(27, 80), -2147483648
(27, 84), -2147483648
(27, 88), -2147483648
(27, 92), -2147483648
(27, 96), -2147483648
(27, 100), -2147483648
(32, 2), 1024
(32, 2), 1024
(32, 3), 32768
(32, 3), 32768
(32, 4), 1048576
(32, 4), 1048576
(32, 4), 1048576
(32, 5), 33554432
(32, 6), 1073741824
(32, 6), 1073741824
(32, 6), 1073741824
(32, 6), 1073741824
(32, 7), -2147483648
(32, 8), -2147483648
(32, 8), -2147483648
(32, 8), -2147483648
(32, 9), -2147483648
(32, 9), -2147483648
(32, 10), -2147483648
(32, 10), -2147483648
(32, 11), -2147483648
(32, 12), -2147483648
(32, 12), -2147483648
(32, 12), -2147483648
(32, 12), -2147483648
(32, 12), -2147483648
(32, 13), -2147483648
(32, 14), -2147483648
(32, 14), -2147483648
(32, 15), -2147483648
(32, 15), -2147483648
(32, 16), -2147483648
(32, 16), -2147483648
(32, 16), -2147483648
(32, 17), -2147483648
(32, 18), -2147483648
(32, 18), -2147483648
(32, 18), -2147483648
(32, 18), -2147483648
(32, 19), -2147483648
(32, 20), -2147483648
(32, 20), -2147483648
(32, 20), -2147483648
(32, 21), -2147483648
(32, 22), -2147483648
(32, 24), -2147483648
(32, 24), -2147483648
(32, 24), -2147483648
(32, 24), -2147483648
(32, 26), -2147483648
(32, 27), -2147483648
(32, 28), -2147483648
(32, 28), -2147483648
(32, 30), -2147483648
(32, 30), -2147483648
(32, 30), -2147483648
(32, 32), -2147483648
(32, 32), -2147483648
(32, 33), -2147483648
(32, 34), -2147483648
(32, 36), -2147483648
(32, 36), -2147483648
(32, 36), -2147483648
(32, 36), -2147483648
(32, 38), -2147483648
(32, 39), -2147483648
(32, 40), -2147483648
(32, 40), -2147483648
(32, 42), -2147483648
(32, 42), -2147483648
(32, 44), -2147483648
(32, 45), -2147483648
(32, 48), -2147483648
(32, 48), -2147483648
(32, 48), -2147483648
(32, 51), -2147483648
(32, 52), -2147483648
(32, 54), -2147483648
(32, 54), -2147483648
(32, 56), -2147483648
(32, 57), -2147483648
(32, 60), -2147483648
(32, 60), -2147483648
(32, 60), -2147483648
(32, 64), -2147483648
(32, 66), -2147483648
(32, 68), -2147483648
(32, 72), -2147483648
(32, 72), -2147483648
(32, 76), -2147483648
(32, 78), -2147483648
(32, 80), -2147483648
(32, 84), -2147483648
(32, 90), -2147483648
(32, 96), -2147483648
(36, 2), 1296
(36, 3), 46656
(36, 4), 1679616
(36, 5), 60466176
(36, 6), -2147483648
(36, 7), -2147483648
(36, 8), -2147483648
(36, 9), -2147483648
(36, 10), -2147483648
(36, 11), -2147483648
(36, 12), -2147483648
(36, 13), -2147483648
(36, 14), -2147483648
(36, 15), -2147483648
(36, 16), -2147483648
(36, 17), -2147483648
(36, 18), -2147483648
(36, 19), -2147483648
(36, 20), -2147483648
(36, 21), -2147483648
(36, 22), -2147483648
(36, 23), -2147483648
(36, 24), -2147483648
(36, 25), -2147483648
(36, 26), -2147483648
(36, 27), -2147483648
(36, 28), -2147483648
(36, 29), -2147483648
(36, 30), -2147483648
(36, 31), -2147483648
(36, 32), -2147483648
(36, 33), -2147483648
(36, 34), -2147483648
(36, 35), -2147483648
(36, 36), -2147483648
(36, 37), -2147483648
(36, 38), -2147483648
(36, 39), -2147483648
(36, 40), -2147483648
(36, 41), -2147483648
(36, 42), -2147483648
(36, 43), -2147483648
(36, 44), -2147483648
(36, 45), -2147483648
(36, 46), -2147483648
(36, 47), -2147483648
(36, 48), -2147483648
(36, 49), -2147483648
(36, 50), -2147483648
(49, 2), 2401
(49, 3), 117649
(49, 4), 5764801
(49, 5), 282475249
(49, 6), -2147483648
(49, 7), -2147483648
(49, 8), -2147483648
(49, 9), -2147483648
(49, 10), -2147483648
(49, 11), -2147483648
(49, 12), -2147483648
(49, 13), -2147483648
(49, 14), -2147483648
(49, 15), -2147483648
(49, 16), -2147483648
(49, 17), -2147483648
(49, 18), -2147483648
(49, 19), -2147483648
(49, 20), -2147483648
(49, 21), -2147483648
(49, 22), -2147483648
(49, 23), -2147483648
(49, 24), -2147483648
(49, 25), -2147483648
(49, 26), -2147483648
(49, 27), -2147483648
(49, 28), -2147483648
(49, 29), -2147483648
(49, 30), -2147483648
(49, 31), -2147483648
(49, 32), -2147483648
(49, 33), -2147483648
(49, 34), -2147483648
(49, 35), -2147483648
(49, 36), -2147483648
(49, 37), -2147483648
(49, 38), -2147483648
(49, 39), -2147483648
(49, 40), -2147483648
(49, 41), -2147483648
(49, 42), -2147483648
(49, 43), -2147483648
(49, 44), -2147483648
(49, 45), -2147483648
(49, 46), -2147483648
(49, 47), -2147483648
(49, 48), -2147483648
(49, 49), -2147483648
(49, 50), -2147483648
(64, 2), 4096
(64, 2), 4096
(64, 2), 4096
(64, 2), 4096
(64, 3), 262144
(64, 3), 262144
(64, 3), 262144
(64, 4), 16777216
(64, 4), 16777216
(64, 4), 16777216
(64, 4), 16777216
(64, 5), 1073741824
(64, 5), 1073741824
(64, 5), 1073741824
(64, 5), 1073741824
(64, 6), -2147483648
(64, 6), -2147483648
(64, 6), -2147483648
(64, 6), -2147483648
(64, 7), -2147483648
(64, 7), -2147483648
(64, 7), -2147483648
(64, 8), -2147483648
(64, 8), -2147483648
(64, 8), -2147483648
(64, 8), -2147483648
(64, 9), -2147483648
(64, 9), -2147483648
(64, 9), -2147483648
(64, 10), -2147483648
(64, 10), -2147483648
(64, 10), -2147483648
(64, 10), -2147483648
(64, 10), -2147483648
(64, 11), -2147483648
(64, 11), -2147483648
(64, 11), -2147483648
(64, 12), -2147483648
(64, 12), -2147483648
(64, 12), -2147483648
(64, 12), -2147483648
(64, 13), -2147483648
(64, 13), -2147483648
(64, 13), -2147483648
(64, 14), -2147483648
(64, 14), -2147483648
(64, 14), -2147483648
(64, 14), -2147483648
(64, 15), -2147483648
(64, 15), -2147483648
(64, 15), -2147483648
(64, 15), -2147483648
(64, 16), -2147483648
(64, 16), -2147483648
(64, 16), -2147483648
(64, 16), -2147483648
(64, 17), -2147483648
(64, 17), -2147483648
(64, 18), -2147483648
(64, 18), -2147483648
(64, 18), -2147483648
(64, 19), -2147483648
(64, 19), -2147483648
(64, 20), -2147483648
(64, 20), -2147483648
(64, 20), -2147483648
(64, 20), -2147483648
(64, 21), -2147483648
(64, 21), -2147483648
(64, 22), -2147483648
(64, 22), -2147483648
(64, 22), -2147483648
(64, 23), -2147483648
(64, 23), -2147483648
(64, 24), -2147483648
(64, 24), -2147483648
(64, 24), -2147483648
(64, 25), -2147483648
(64, 25), -2147483648
(64, 25), -2147483648
(64, 26), -2147483648
(64, 26), -2147483648
(64, 26), -2147483648
(64, 27), -2147483648
(64, 27), -2147483648
(64, 28), -2147483648
(64, 28), -2147483648
(64, 28), -2147483648
(64, 29), -2147483648
(64, 29), -2147483648
(64, 30), -2147483648
(64, 30), -2147483648
(64, 30), -2147483648
(64, 30), -2147483648
(64, 31), -2147483648
(64, 31), -2147483648
(64, 32), -2147483648
(64, 32), -2147483648
(64, 32), -2147483648
(64, 33), -2147483648
(64, 33), -2147483648
(64, 34), -2147483648
(64, 34), -2147483648
(64, 35), -2147483648
(64, 35), -2147483648
(64, 36), -2147483648
(64, 36), -2147483648
(64, 37), -2147483648
(64, 38), -2147483648
(64, 38), -2147483648
(64, 39), -2147483648
(64, 40), -2147483648
(64, 40), -2147483648
(64, 40), -2147483648
(64, 41), -2147483648
(64, 42), -2147483648
(64, 42), -2147483648
(64, 43), -2147483648
(64, 44), -2147483648
(64, 44), -2147483648
(64, 45), -2147483648
(64, 45), -2147483648
(64, 46), -2147483648
(64, 46), -2147483648
(64, 47), -2147483648
(64, 48), -2147483648
(64, 48), -2147483648
(64, 49), -2147483648
(64, 50), -2147483648
(64, 50), -2147483648
(64, 50), -2147483648
(64, 52), -2147483648
(64, 54), -2147483648
(64, 55), -2147483648
(64, 56), -2147483648
(64, 58), -2147483648
(64, 60), -2147483648
(64, 60), -2147483648
(64, 62), -2147483648
(64, 64), -2147483648
(64, 65), -2147483648
(64, 66), -2147483648
(64, 70), -2147483648
(64, 75), -2147483648
(64, 80), -2147483648
(81, 2), 6561
(81, 2), 6561
(81, 3), 531441
(81, 3), 531441
(81, 3), 531441
(81, 4), 43046721
(81, 4), 43046721
(81, 5), -2147483648
(81, 5), -2147483648
(81, 6), -2147483648
(81, 6), -2147483648
(81, 6), -2147483648
(81, 7), -2147483648
(81, 7), -2147483648
(81, 8), -2147483648
(81, 8), -2147483648
(81, 9), -2147483648
(81, 9), -2147483648
(81, 9), -2147483648
(81, 10), -2147483648
(81, 10), -2147483648
(81, 11), -2147483648
(81, 11), -2147483648
(81, 12), -2147483648
(81, 12), -2147483648
(81, 12), -2147483648
(81, 13), -2147483648
(81, 13), -2147483648
(81, 14), -2147483648
(81, 14), -2147483648
(81, 15), -2147483648
(81, 15), -2147483648
(81, 15), -2147483648
(81, 16), -2147483648
(81, 16), -2147483648
(81, 17), -2147483648
(81, 17), -2147483648
(81, 18), -2147483648
(81, 18), -2147483648
(81, 18), -2147483648
(81, 19), -2147483648
(81, 19), -2147483648
(81, 20), -2147483648
(81, 20), -2147483648
(81, 21), -2147483648
(81, 21), -2147483648
(81, 21), -2147483648
(81, 22), -2147483648
(81, 22), -2147483648
(81, 23), -2147483648
(81, 23), -2147483648
(81, 24), -2147483648
(81, 24), -2147483648
(81, 24), -2147483648
(81, 25), -2147483648
(81, 25), -2147483648
(81, 26), -2147483648
(81, 27), -2147483648
(81, 27), -2147483648
(81, 28), -2147483648
(81, 29), -2147483648
(81, 30), -2147483648
(81, 30), -2147483648
(81, 31), -2147483648
(81, 32), -2147483648
(81, 33), -2147483648
(81, 33), -2147483648
(81, 34), -2147483648
(81, 35), -2147483648
(81, 36), -2147483648
(81, 36), -2147483648
(81, 37), -2147483648
(81, 38), -2147483648
(81, 39), -2147483648
(81, 39), -2147483648
(81, 40), -2147483648
(81, 41), -2147483648
(81, 42), -2147483648
(81, 42), -2147483648
(81, 43), -2147483648
(81, 44), -2147483648
(81, 45), -2147483648
(81, 45), -2147483648
(81, 46), -2147483648
(81, 47), -2147483648
(81, 48), -2147483648
(81, 48), -2147483648
(81, 49), -2147483648
(81, 50), -2147483648
(81, 51), -2147483648
(81, 54), -2147483648
(81, 57), -2147483648
(81, 60), -2147483648
(81, 63), -2147483648
(81, 66), -2147483648
(81, 69), -2147483648
(81, 72), -2147483648
(81, 75), -2147483648
(100, 2), 10000
(100, 3), 1000000
(100, 4), 100000000
(100, 5), -2147483648
(100, 6), -2147483648
(100, 7), -2147483648
(100, 8), -2147483648
(100, 9), -2147483648
(100, 10), -2147483648
(100, 11), -2147483648
(100, 12), -2147483648
(100, 13), -2147483648
(100, 14), -2147483648
(100, 15), -2147483648
(100, 16), -2147483648
(100, 17), -2147483648
(100, 18), -2147483648
(100, 19), -2147483648
(100, 20), -2147483648
(100, 21), -2147483648
(100, 22), -2147483648
(100, 23), -2147483648
(100, 24), -2147483648
(100, 25), -2147483648
(100, 26), -2147483648
(100, 27), -2147483648
(100, 28), -2147483648
(100, 29), -2147483648
(100, 30), -2147483648
(100, 31), -2147483648
(100, 32), -2147483648
(100, 33), -2147483648
(100, 34), -2147483648
(100, 35), -2147483648
(100, 36), -2147483648
(100, 37), -2147483648
(100, 38), -2147483648
(100, 39), -2147483648
(100, 40), -2147483648
(100, 41), -2147483648
(100, 42), -2147483648
(100, 43), -2147483648
(100, 44), -2147483648
(100, 45), -2147483648
(100, 46), -2147483648
(100, 47), -2147483648
(100, 48), -2147483648
(100, 49), -2147483648
(100, 50), -2147483648
